function [output] = noise(x, scale)
output =[   0       0       0       0       0       0       0;
            0       0        0.0250      0.0500      0.0250      0       0;
            0       0.0250      0.1000      0.1500      0.1000      0.0250      0;
            0       0.0500      0.1500      0.2000      0.1500      0.0500      0;
            0       0.0250      0.1000      0.1500      0.1000      0.0250      0;
            0       0       0.0250      0.0500      0.0250      0       0;
            0       0       0       0       0       0       0 ];
output = output .* scale;
end